1 CPUs
0.117537	0.010029	1.1795
0.593465	0.0307	5.5791
2.46399	0.071248	23.3508
10.1989	0.153245	96.6961
41.4419	0.3166	451.85
166.814	0.639785	1994.55
2 CPUs
0.121654	0.011642	0.629455
0.363511	0.023726	2.98807
1.33802	0.046739	12.5177
5.22788	0.095336	50.0305
21.2097	0.174287	232.94
85.5188	0.338314	1038.99
4 CPUs
0.06238	0.008166	0.654513
0.191389	0.01544	1.95464
0.670844	0.028275	6.75791
2.68568	0.053222	26.3315
10.6575	0.098469	130.002
43.5042	0.183224	610.952
8 CPUs
0.033635	0.005981	0.385344
0.104532	0.012685	1.11819
0.418236	0.021894	3.69664
1.37512	0.037953	13.7223
5.40719	0.060577	64.3895
24.5221	0.112797	324.504
16 CPUs
0.021973	0.006182	0.236276
0.097447	0.013055	0.65775
0.34767	0.021492	2.88052
0.857015	0.034888	7.76275
3.14143	0.046469	34.879
20.5978	0.091747	171.551
24 CPUs
0.02099	0.006954	0.246175
0.085305	0.014739	0.712225
0.240345	0.022825	2.25104
0.800906	0.032172	8.29773
3.33769	0.050927	34.306
22.4804	0.079064	137.557
