../meshes/data_benching/bigguyT.obj
1 CPUs
0.097598	0.039837	0.585149
0.455609	0.121445	2.678818
1.944152	0.282515	10.662953
8.300725	0.611349	43.845086
34.431444	1.259129	241.120919
140.195989	2.502167	1134.131172
2 CPUs
0.099782	0.042141	0.341449
0.290150	0.085014	1.543247
1.065076	0.171170	6.054231
4.300027	0.338574	25.089368
17.685083	0.669324	145.868774
73.833026	1.333453	629.166590
4 CPUs
0.051719	0.022964	0.359494
0.153766	0.047382	1.083540
0.557456	0.093490	3.626346
2.181480	0.183344	13.789385
9.055624	0.355386	70.171993
37.881662	0.681866	346.595230
8 CPUs
0.032142	0.015570	0.235745
0.084684	0.029446	0.731300
0.294729	0.055347	2.139890
1.127556	0.101095	6.932086
4.545590	0.189677	36.422907
23.755364	0.530334	188.271282
16 CPUs
0.019287	0.010460	0.150160
0.064525	0.019487	0.429749
0.219012	0.041600	1.249803
0.689771	0.070135	4.154425
2.468324	0.110011	20.043111
21.920555	0.299289	107.787702
36 CPUs
0.018676	0.011051	0.114050
0.058542	0.023555	0.313014
0.153747	0.039827	0.867142
0.504314	0.055456	2.673818
2.080725	0.101666	12.978601
22.467952	0.168465	70.035777
